name: bio-env
channels:
  - conda-forge
  - bioconda
  - defaults
dependencies:
  - bbmap=38.79=h01d97ff_0
  - blast=2.9.0=h58d6d27_1
  - boost=1.68.0=py37h9888f84_1001
  - boost-cpp=1.68.0=h6f8c590_1000
  - bowtie2=2.3.5.1=py37h2dec4b4_0
  - bwa=0.7.17=h2573ce8_7
  - bzip2=1.0.8=h0b31af3_2
  - ca-certificates=2020.4.5.1=hecc5488_0
  - certifi=2020.4.5.1=py37hc8dfbb8_0
  - curl=7.68.0=h8754def_0
  - filtlong=0.2.0=ha92aebf_2
  - flye=2.6=py37h2dec4b4_0
  - freebayes=1.3.2=py37h37cfd92_0
  - gettext=0.19.8.1=h46ab8bc_1002
  - gmp=6.2.0=h4a8c4bd_2
  - gnutls=3.6.5=h53004b3_1002
  - htslib=1.9=h3a161e8_7
  - icu=58.2=h0a44026_1000
  - krb5=1.16.4=h1752a42_0
  - libblas=3.8.0=16_openblas
  - libcblas=3.8.0=16_openblas
  - libcurl=7.68.0=h709d2b2_0
  - libcxx=9.0.1=1
  - libdeflate=1.0=h1de35cc_1
  - libedit=3.1.20170329=hcfe32e1_1001
  - libffi=3.2.1=h6de7cb9_1006
  - libgfortran=4.0.0=2
  - libiconv=1.15=h0b31af3_1006
  - liblapack=3.8.0=16_openblas
  - libopenblas=0.3.9=h3d69b6c_0
  - libssh2=1.8.2=hcdc9a53_2
  - llvm-openmp=10.0.0=h28b9765_0
  - miniasm=0.3_r179=ha92aebf_0
  - minimap2=2.17=hfbae3c0_1
  - ncurses=6.1=h0a44026_1002
  - nettle=3.4.1=h3efe00b_1002
  - numpy=1.18.1=py37h7687784_1
  - openjdk=11.0.1=hbbe82c9_1018
  - openssl=1.1.1f=h0b31af3_0
  - parallel=20200322=0
  - pcre=8.44=h4a8c4bd_0
  - perl=5.26.2=haec8ef5_1006
  - perl-archive-tar=2.32=pl526_0
  - perl-carp=1.38=pl526_3
  - perl-common-sense=3.74=pl526_2
  - perl-compress-raw-bzip2=2.087=pl526h6de7cb9_0
  - perl-compress-raw-zlib=2.087=pl526h770b8ee_0
  - perl-exporter=5.72=pl526_1
  - perl-exporter-tiny=1.002001=pl526_0
  - perl-extutils-makemaker=7.36=pl526_1
  - perl-io-compress=2.087=pl526h6de7cb9_0
  - perl-io-zlib=1.10=pl526_2
  - perl-json=4.02=pl526_0
  - perl-json-xs=2.34=pl526h04f5b5a_3
  - perl-list-moreutils=0.428=pl526_1
  - perl-list-moreutils-xs=0.428=pl526_0
  - perl-pathtools=3.75=pl526h1de35cc_1
  - perl-scalar-list-utils=1.52=pl526h01d97ff_0
  - perl-types-serialiser=1.0=pl526_2
  - perl-xsloader=0.24=pl526_0
  - pilon=1.23=2
  - pip=20.0.2=py_2
  - python=3.7.6=h5c2c468_2
  - python_abi=3.7=1_cp37m
  - racon=1.4.13=h2dec4b4_0
  - readline=8.0=hcfe32e1_0
  - samtools=1.9=h8aa4d43_12
  - seqkit=0.12.0=0
  - seqtk=1.3=h2573ce8_2
  - setuptools=45.2.0=py37_0
  - spades=3.14.0=h21ccd2c_0
  - sqlite=3.30.1=h93121df_0
  - tbb=2019.9=ha1b3eb9_1
  - tk=8.6.10=hbbe82c9_0
  - unicycler=0.4.8=py37hfbae3c0_0
  - wheel=0.34.2=py_1
  - xz=5.2.4=h1de35cc_1001
  - zlib=1.2.11=h0b31af3_1006
prefix: /Users/annasyme/miniconda3/envs/bio

